84114299.754
71123810.7016
11176389.736
73342340.4655
-101079544.411
20849858.415
47211748.8029
53862242.4087
-130791625.964
125574273.141
6507990.61372
-37386947.044
78448398.5057
20136381.4599
75279350.7053
-65446209.6769
112099286.738
90760680.5369
50223681.1995
88635474.7689
63117940.6663
33725315.5128
35692475.7102
33294768.1888
-7294860.86541
-8828086.27123
-49381233.3042
120897542.237
-31586045.411
65965515.4175
82590880.9399
37377631.3839
-7607606.79607
53670418.5605
20642229.4942
-69214543.0461
-2484025.85753
29810523.1468
-48142280.0249
-19803233.6874
-146339864.761
-66404182.8048
-108412316.858
-63960109.139
6072127.50465
99639509.355
-43595289.8939
-34821542.8107
44484788.2166
-55243685.3377
-37774658.3795
-55760328.7944
140910461.548
926677.976296
-164487063.248
-259963902.034
28994201.3193
8822899.65493
101254443.688
85513890.414
-21336664.3521
10841911.2306
49353006.8239
15497080.9435
2381420.44102
-22274278.6905
-121757280.148
165214235.985
12836643.1355
82257469.518
11820211.2432
91185212.3794
8413853.53621
50950491.748
-15982987.4501
23119169.5026
48445179.927
41916092.0277
74829320.1591
7662353.25045
25401344.8749
28107677.9376
40919147.734
28239691.5164
48078157.8916
32534995.5341
28243904.5568
73163362.1539
24098699.1565
24832768.5862
12200625.378
27258360.6558
31811040.0762
32560446.6334
37180659.7622
11522466.9924
44351915.0078
-11661563.0932
32394233.1831
44431119.3953
107920242.899
27925288.2428
-7078316.13333
-9909059.53694
33903671.801
44438153.9785
15589833.7067
-92801111.0315
-202591007.821
73010020.3799
-61287006.6918
-58851192.5163
71058001.382
774868.291824
-92246045.4358
-52312821.1738
-26048961.5839
-50232579.3994
-14312382.0389
10364558.3357
5156813.63675
178250494.799
3414879.65929
-54265482.6991
66906523.7075
69612877.1429
82578892.8526
-49744270.4961
22077426.3496
42494880.4556
55405650.4107
-8267870.26707
-14541265.7376
37473287.2655
7854176.74078
41659508.2697
34623843.9696
48554012.6291
30655600.5928
24915654.4422
376403.041872
-29966171.1108
-8014841.50644
-52838522.0792
28284727.6426
22007470.0409
38344826.015
8135677.00054
15229690.5103
3999223.9761
32484893.4171
89915647.745
31644085.0444
47146821.8929
56460047.6722
-35062797.2022
21597536.3315
53637612.1846
8459956.28774
37361644.8169
70353929.5313
-102217774.564
-64333995.3684
19262431.728
24816595.0189
-3968441.89025
59943396.3078
8425146.61083
10069476.8948
42952924.7213
7693771.04185
9008088.53769
1657389.64766
30438111.7474
-15903498.2771
50297271.2579
26912214.5623
47381110.0224
4054658.57967
42671806.7796
14103098.9073
8064758.04208
2894179.08755
-39011756.5224
4235813.35434
53658093.0732
17985166.4231
38633543.5776
55275386.4104
46123656.3655
10797623.5321
-15116601.9098
45599929.2109
-48605633.375
-69577049.4224
8636176.45183
-21097707.4343
-68807433.2736
44186101.6326
-16489975.9951
-22762170.4063
-2574774.30884
-23937601.9639
80069573.672
-9785064.5327
2049572.44984
43827306.9363
-201685806.752
56801792.0252
40437301.5278
14610606.7488
28796440.7094
-37486180.9694
-18826481.2893
-2018430.71282
16125891.04
10861941.4107
81002557.2897
24745854.7458
-128952544.146
-3955024.59075
14746623.7744
32761947.7259
9015533.55559
-9869593.00057
25221714.8801
54484444.9761
-33988396.3908
74466817.8164
31686120.8888
-15113255.4296
15126060.5369
28734370.9136
50374407.3121
76364126.57
-92278164.2101
-126020055.506
-107360086.338
26342537.269
53102551.2481
23923956.1732
-13401490.5577
65984553.8672
-17796527.2978
-4340170.859
81376756.592
-25193527.0182
48426425.6126
1525192.00718
-6769345.07826
13187886.7097
42814902.0755
46394934.1033
-103415434.333
49847298.9523
40819599.8975
-63360908.4651
-57179180.0083
-353926682.208
-328018553.25
-238429576.71
-184917239.318
-32700162.3925
-5567014.23983
13823865.9063
-14151357.5499
-39130819.8227
2108236.85811
-69677448.5697
16326762.8673
-30441413.0657
61386760.2449
58451657.0879
-47304904.432
39737166.2489
-4050782.52496
-2828832.06204
1421030.2183
8901232.54031
-9944879.1195
1182527.16409
-5099477.16752
42004529.1104
-139892930.829
-78144066.0846
9427069.7316
30424257.6481
24775354.1932
71204351.4843
10321640.3577
26800867.6898
-8799044.27663
35681710.0773
-14316825.4505
-1068035.99619
119010809.327
52140848.1772
-6569138.27069
-85365088.2182
-50082193.451
-5349450.89462
35506875.7415
-11571358.9481
36356044.9553
-2607210.50449
-34729529.5022
14485332.5325
30621577.1641
10150204.9784
36177984.0295
53048032.9018
23349240.6918
-1780954.13196
-1519764.70772
-47518713.553
31535220.2782
34441413.2951
69561615.7867
1419882.73176
-31079781.765
-8288486.55956
-247026761.2
-144096647.141
-569438.719098
80482885.1332
26810772.8008
-53308729.1569
-39265814.8594
-35013977.1927
75809676.7134
-45843010.1368
9287188.938
-16220309.8063
-51146685.2494
643067.345574
-14235848.7482
22765664.4711
-30791507.2687
3330938.80791
67231439.9608
-110562993.774
28282820.4196
5604111.16094
33030389.912
-7841634.24289
22356380.2832
68156425.3073
-4567331.94903
25284153.825
30077615.5603
-3328834.48849
72131.2453499
47438948.7145
75515092.7184
-150117690.03
-48606308.2652
97435352.0674
21319817.3784
-757117.485168
61763252.3946
43313784.7608
36404158.2471
31596859.5661
51931764.3791
17510929.4609
-2324362.56797
33194535.1812
12372633.8058
-9109312.26499
-85388873.6297
47203803.9925
-1009429.20519
26559219.8326
-13030491.1003
41991706.4112
60100906.0755
29944497.8469
70313709.7255
80808045.0655
43562475.9606
52388272.8653
-84471467.9867
59465660.361
-18135046.4384
23912022.403
23271102.4132
-10272388.1059
23701157.6484
-2018430.92367
135903892.982
31571514.3858
30812845.0901
24101905.3963
42081589.7723
-44438109.715
78257450.3985
-14045179.2084
69917235.4915
1926994.94445
-27425899.5163
-24433749.301
-9165066.71217
-73367999.6407
-27956903.9943
-299022.5707
-155904106.485
-77363351.4276
-35744901.6491
48478249.9686
42612766.5226
13831507.7908
44658252.0171
-3479342.16781
6814483.27273
10006363.8449
-12253779.04
2380580.30814
8029918.67583
-224730.415459
16633060.814
-118478025.398
-72613067.4459
-112836843.798
-34997985.2987
-65246187.3872
15898818.106
49827301.3172
-39021854.8253
59054829.4282
-21099797.6413
10675662.6128
32158642.5032
-18112187.7234
39836685.7404
64652770.7998
-1631784.10353
-72449917.2414
-117449034.201
914674.640409
49333330.4086
19039211.8183
63067494.5862
28529120.092
47646261.719
18449082.4942
24640507.4472
56029509.6139
6900975.73369
32062681.1983
-19706994.9774
-41060383.689
46207595.3782
5058203.579
-561003.568772
6711505.11593
17201546.6242
26050671.7773
23404684.7998
43716652.4312
16954137.1258
48236237.2654
-76425740.3549
62522075.5933
2143092.80586
55878770.8465
66012574.2143
29425126.5537
26702855.0676
11134045.7962
49498290.1495
14710648.7811
8490506.34493
-14500590.1171
2347685.43253
27247188.1457
-101449187.572
28472376.4187
-69471998.5976
36840424.1426
-24370466.6809
26852198.2303
-441640549.229
-184435548.196
-173402038.439
11758118.709
-1464146.56065
38346958.0055
-3339520.88594
93815801.2737
14087188.9416
-2425571.03966
5127397.46293
-2796021.71018
12313337.8133
65074182.507
30584388.194
19225365.4739
7627.92373767
12645316.7825
503666.691658
-54642639.2349
758620.563891
-14385936.6206
19488582.5348
-14965210.4182
8432191.22826
-6108059.59445
-24100317.822
3041510.77058
22086576.7167
40628134.1985
8711787.93622
-6327628.28171
33750483.6991
15952925.3912
1449422.95042
-83529169.5264
-16343525.2068
-12410395.9777
44648023.9286
32994993.7897
46048686.1066
88575223.6861
77150599.5233
41411397.7413
-22928667.5241
-7579798.12158
44902258.1392
-19771233.9038
12745066.9144
818486.990059
-82624531.0523
4653700.96396
54721667.8601
14310250.9525
3478403.5567
60404770.6449
29544171.3542
48162404.1038
53591953.2997
76370934.8112
-26493946.2516
39662519.0973
16237329.7254
-1549932.26241
18602309.9945
-62203421.4215
-57923231.7663
-20053626.902
11054242.2251
50751690.4366
43320985.0191
45848725.0337
14599058.9977
67855393.5259
1355814.76739
43575168.8814
30829376.3556
52025865.4007
63644879.6598
-22645868.9389
22687187.5873
-13091049.816
1785928.45785
50407873.6095
28608352.7447
-25472366.7754
50180975.6599
16961887.8424
10906167.6977
-14709428.0715
-43238612.4419
-41987426.5737
-33338890.9348
-33732614.2195
-354963128.26
-297440950.729
1591538.28735
-20966161.548
15129698.7699
-51635244.1272
18757552.748
-25179422.5295
7313485.50618
-19453185.0783
10007322.7465
128596201.786
83419660.1487
23722421.1867
35462884.667
75459271.0034
-11496684.1291
44882534.9802
-136270285.561
10688573.586
110193022.697
21062149.1855
46768391.8999
41946393.0991
43252473.1619
30726094.7834
193145575.542
112164367.131
-2928325.31163
59036950.3974
40997764.8719
44469393.6965
21234246.212
64003934.1749
26783304.5301
-1514262.54105
55418455.8472
68621747.2738
65121592.8275
-11068105.9297
-106304247.385
-143143110.814
-35384502.4506
-57645791.6432
4848177.22311
77631312.5802
35248457.3712
7466303.59324
12553771.6323
-13737734.0122
44825142.2833
-6516876.17695
92326177.6215
40614606.306
4611967.93
39132632.5913
108788243.936
92785995.7193
112609612.674
38414016.2599
1410179.13797
-8780760.00258
-121839929.999
45907.9250784
29318181.4743
75889565.9806
71068959.2196
134957717.959
43273616.0556
11659761.7966
42498496.033
13101524.5396
57858304.9589
40300832.8091
47850385.5114
30877539.7351
-43610668.6415
-32546783.8067
26850073.7038
58421513.8934
-5375306.01673
9696330.23002
22144642.2476
7535339.92229
-29482466.2589
80617849.2435
40699431.5978
20036725.761
835720.873575
5091159.85083
-43204158.6297
26305236.9837
6969939.22811
8969646.94611
-13338067.7279
-57547202.2105
1521102.89117
-62114135.7887
-27076301.39
-48099882.2407
45601217.7938
-92342820.0685
-11106887.8017
-29671519.027
32114479.5669
33799626.9714
-10902755.8899
35042312.9692
-42113358.3357
-7643515.19257
11532559.98
52297156.1461
-42549329.2644
35811119.5251
87774243.8816
44773616.3982
46561988.9964
60144839.6922
14514508.0329
1918908.75032
-13919889.1083
-24440632.2567
-9456105.77361
51089997.9416
29124634.9379
-41992733.7009
22200525.6102
-11014881.5866
2185560.17934
3237954.77993
37413424.203
32445495.559
-21451320.5966
43641002.9701
-14180305.2884
16750092.9935
60091186.4104
26942021.599
7211650.77281
36387842.5543
21283087.8359
28724936.1704
-39218091.3682
-3341419.47483
40952480.1959
46968857.8192
9483554.2834
15365595.6037
50680625.163
24677578.0719
73435458.8671
54736501.4847
108148092.558
30191980.304
37484798.6533
-10607155.6082
16607678.4167
26709478.1411
40482629.5854
51615827.2611
103832156.987
-100045175.113
-29752733.9988
50762973.3191
-10673729.7608
3634860.84888
39499066.2693
3379245.44637
30345729.4802
54198.5062793
-3653192.18343
8724700.50473
46515717.7595
-34320417.4399
32836888.357
80116950.2216
21840500.4833
-56893291.6165
-53926586.3127
-93589650.4278
-76879.1716306
38479144.1674
9616732.92846
25731215.0337
3086542.98951
31637017.7584
6209620.86689
31389415.0559
41436545.9803
108606013.518
16605210.901
20978896.982
7206682.95741
9233732.83915
3338517.04801
121355839.328
1034303.20645
40121958.843
7740148.07451
37999127.0232
-81116373.0624
-5252977.29018
-48249781.4858
-39570420.6893
-29545148.7386
25165680.9725
-74818573.6383
-35693332.4174
490972.547343
25416304.885
-58697278.0767
-22015994.7831
-28507149.107
-19453842.21
-262376156.917
-176073245.362
-140649821.837
31134278.5387
5578291.1043
-2985157.01465
2578004.98146
-37941917.5704
-39554505.2252
9032422.12279
9390273.94068
-33550243.8572
10678629.5038
10312856.9428
879828.756574
15172473.169
-8294013.29109
12614493.1123
36753245.9925
18889157.6829
1611759.7967
57241151.8798
9932509.09282
-40499203.1796
-37882205.2492
24262592.805
12686349.0075
66063322.7426
-112851689.372
9248290.77618
30115773.0774
76803039.7581
5415859.12218
4575767.04839
29170832.6833
36910849.8953
75288927.1391
13767818.621
-23974587.1956
6883088.19855
28210243.3478
-6404065.78038
-1353870.52842
16481995.9763
-1409193.81801
52783768.0449
14920757.8328
26444948.666
-6900056.4145
47345871.7268
25280162.2177
57148713.7773
54707705.2779
11678433.5468
-24982966.8492
9767765.30296
77833327.5264
52815751.6624
45419410.6255
-28340705.7997
-101797623.92
-28170411.0425
-68886339.4563
-14575121.7024
18163349.7233
-2894363.82296
8497438.11458
79610435.4598
143555.033661
35159155.4894
1925518.78087
31067073.5145
11183222.7869
42289976.0185
83648118.4314
9477674.18248
2962601.64146
-10828187.4683
29593103.7495
66264614.1446
53994377.1847
18431081.9504
16665871.3751
73781493.4981
-12834919.7699
26456276.1277
-23118107.5154
46074533.5436
102094948.053
-18701834.9401
60004290.6397
31916384.1158
19708853.5199
21196839.0004
28313031.0581
-16141506.812
70047230.6042
26429891.3204
53264900.5788
-3894508.53057
28714547.4756
31226594.0981
25095665.3425
-70671806.4753
-42445324.1859
-105477820.42
-4322076.71588
153259892.359
21955018.0974
-19165617.1857
36051040.9259
37798193.0254
-2138971.27457
-22730908.592
48309876.2358
17781288.9714
12300787.0291
7864227.09809
-20681953.5763
-4139525.09816
37221312.1939
35777511.2879
-7854970.69094
13438355.1883
25850477.2782
10337784.3005
3118817.58636
-17996379.4818
-34973886.7961
7462778.21946
-605522784.896
-204827437.222
-164523520.861
-99802426.1109
-12143532.9537
48470495.2715
-11810817.7996
36958440.6501
14221713.0872
-20646273.3317
52340716.8976
-41264605.9858
22244068.918
95340693.8392
-37357656.0059
-1666969.97186
34936515.4368
-7642965.78959
-16174224.2839
224594284.542
63186237.3201
43880630.5777
-51368161.2703
46590078.8632
-57413399.4528
17622084.2068
42195161.3361
-44061357.0136
-34335231.4733
55650870.6463
-13536742.7655
26066933.1827
-12060053.6047
-33859292.4204
19112288.3671
-21181527.6971
8214901.86794
-17951443.3998
8994479.7642
-90940080.0628
20796730.3174
30748822.9587
7468576.71928
62694627.9141
89793.7737591
96356705.634
-6476451.32013
23640760.2212
18527116.1169
18762498.2406
-1598332.06701
59601113.9756
-360949.234933
25351446.5886
10522067.2808
29978838.2629
-13848561.8101
45291084.1176
144824925.998
-161776430.427
-81135087.9188
-21488592.3082
48093243.36
-33501279.2603
-991179.942909
13361063.7359
20048360.1026
41718584.8758
15065053.7522
-2564835.62682
31310563.7291
-12182035.9634
69816830.3088
35274230.0218
6885117.4746
18176455.3581
75132159.8846
-1652539.61242
20740082.2491
55752812.7929
6507561.60541
-286349.261901
26638610.5456
10563759.9267
28386164.5689
46770215.8952
43915732.5497
18607630.1415
5075274.70939
59989520.5322
19200962.6852
31660670.4824
7418692.3439
11091320.7799
12426294.2333
68703005.122
22754135.1262
51894117.4397
28017694.3112
-43083139.5517
-77945906.9204
-14309140.71
16416784.2565
114503087.291
-4875317.83381
32196021.6757
39081039.6684
49601478.5395
-21984569.4635
84902629.9177
-20668235.9092
-19114117.8352
6942652.07388
-14059548.2614
13928328.06
8689240.12465
20295780.2631
50262684.5805
1176939.6202
43987154.8778
18912923.7486
22070802.4307
17373244.7638
-19306775.7328
15245147.2012
31808982.2812
35027965.9438
-28213248.2577
8940902.96487
-68210048.5674
53405706.3008
-47405697.4411
-26403816.1951
-111254175.325
-408504.490436
37277629.0432
-47859897.7802
758621.422696
19231884.819
7483493.44129
-50579667.9208
34701486.617
52644527.4155
11225483.634
107710325.943
37222529.2833
5468889.7982
48208184.7614
-770658.970999
-4365998.98787
48230599.474
34357459.3949
-38470520.2177
28641279.6328
57680139.6264
65434633.3514
57896976.9145
-6370850.93201
26207874.4389
-40717694.745
-154581630.611
-97499030.3351
-135440963.57
-64892813.0444
-11441840.537
-2746775.87658
-39314260.7635
1650461.18322
-24432993.8089
2500792.40969
54242991.6698
25178681.5556
-4697280.22169
50865201.5899
12427543.68
-18025508.9747
-17132633.3425
67590572.0896
68875764.4719
52164414.5672
78372741.5299
-2627215.67203
22666931.7034
27409756.0804
78561106.4404
22813856.3736
26823590.0853
8884315.64093
2362851.64835
-121955.845744
-15254714.0871
-84526392.7469
22071897.9842
-48967185.9883
30446018.4938
-29101710.3384
6696339.2077
20510325.5808
16053737.1763
55733633.9084
14162243.9774
55097419.5433
24624686.1331
-6408583.99044
48425408.3468
76222912.4349
-30168857.671
32974631.6408
6932785.91861
26560571.6104
25589908.8666
13061268.4357
-9228310.70333
18804145.2491
53647426.9562
27347140.9827
-740021.915864
44588959.4254
12593853.976
15153166.0161
5171888.12904
38043642.2717
12922548.1424
-37639122.671
6989285.76135
13221634.895
-14947727.4992
31150506.0368
15052394.3442
-1672629.37903
61169510.8533
-7216850.08446
43063816.838
22983760.0179
3412038.38974
11754368.5206
-32914783.3823
-50489624.5119
-87148634.261
11159395.867
31002857.5672
-24370745.5645
-5236452.93479
-6560760.00442
6201380.86381
-2650006.14508
34146627.6426
27424951.8836
-13888108.437
6060882.55636
10590795.415
-10350799.6465
-2421387.16043
-6704525.18898
-36486892.8267
107847360.709
961416.759184
-14447644.1256
-17222005.4807
-46705083.8702
-41980057.9479
31100752.2069
25062046.2125
39022058.2249
-53845833.7828
-7345300.60064
-1850147.65815
-449168837.035
-330565606.165
-154140132.93
-183550039.597
-131890905.239
12579849.1349
-8615589.24468
-60476699.391
-14208174.5125
76705527.5807
84535749.4766
-13716513.5842
34913993.4165
-38613527.3546
-38528636.4211
35202552.6913
37706478.1598
28807724.2214
-8428108.85843
-24267581.1732
-47638826.2112
62787974.069
-33860523.3195
-15329426.8187
31024798.1166
48770116.871
6598017.59713
61976890.3641
12563569.2759
122613674.029
-25935772.366
9296207.13059
-139915516.788
-80662851.7339
-61866278.2381
-166318449.927
33343860.2316
64746199.3579
-8063465.9451
37540001.3397
-17184247.1806
36698590.9674
69482531.3537
-576832.87709
19683584.1598
49423766.9789
-17547754.0188
5655933.23413
18482768.0308
4816967.88115
13756517.306
52613691.1645
-14796059.4855
50934068.1215
90282783.9771
60201396.0779
14635078.9442
-24827651.9605
38220203.375
38403655.0808
27165049.1539
67102595.8022
34701206.2425
-9683076.26258
19257337.2105
-67705248.9173
-140100864.003
16150856.3818
-22441931.4698
26257180.0375
59616922.2681
-12794935.2076
23401522.6174
18254770.3039
14161357.8168
47138329.0345
47805999.1014
40442565.2167
53830621.5987
-11119673.6652
34381943.2329
41023140.4545
34293275.7765
-6963080.13144
48741669.5385
37618695.3859
-7438677.01954
2670921.15432
23698488.5584
-28051816.5654
40074641.5597
60755881.8825
-9278168.34794
19859104.8031
19992160.9929
52157140.7644
28640774.1718
16537946.7095
4825201.01629
-11809057.7329
21426109.6558
52801044.729
28685092.4611
44058486.6463
29900348.5499
22903614.0084
29995237.9186
-82508537.9121
-73375552.2173
35956966.5303
-97361733.5177
-9455415.35511
-1467781.27129
5879908.74519
17473449.268
3457960.42261
17573962.7174
-22902302.2715
29099900.8144
-7241097.38205
46798970.786
-10552869.034
8316390.44058
32910645.5001
34027083.8323
46413235.2516
2013661.58106
7026850.18517
-13211393.8241
20755994.8206
21174930.567
-7786445.44801
2270935.73673
857324.169733
-85890243.3703
-22297503.7257
-38878878.8232
48049405.4501
-1173815.8384
-4532589.34069
3960340.64762
21453198.8763
13241704.1151
34518259.187
23501729.2757
23457449.7186
19000035.7072
8398948.29724
9460599.22773
-28415581.9628
7806685.3574
9446787.14276
57915735.6597
15930945.0847
25934304.8879
-50489279.2577
-27014013.781
10856136.7067
11179460.5806
-13801527.4204
-25532711.9634
-26798956.6039
31746344.9882
-6859472.26377
-11855453.2842
-36031041.869
-18915431.0443
-187546379.981
-142324763.1
-86206749.5801
-76714400.8137
-120461937.166
-17333091.6418
3575359.90862
-44437037.7689
44154813.5282
-9552266.50719
-47281107.9837
-44610477.0744
-57179701.4011
27482451.3957
-11956609.01
-26943470.5852
6254166.66823
76761001.6213
-21699358.207
-17767188.8584
-15234016.331
-16300872.1006
26096783.6885
1495630.47979
39447249.589
3168217.77141
-9449481.61801
4882462.18453
8643461.64211
7594679.3029
19357949.4999
63849432.1894
-4936734.22282
45691184.4682
84170145.8188
-25715320.8387
17990384.1292
32671873.9702
29937770.1227
-125419107.317
-77134205.5706
-150291265.894
-10909142.6868
-6708858.39174
53644692.1954
67447257.8724
31312232.0492
-23100955.024
5010047.53004
-19558707.287
531049.199873
3004995.0423
9007451.71084
103037423.354
-12747073.7627
-15133166.6993
13065367.6807
104437050.926
-18822593.8968
56847061.4799
-10011793.014
27769769.5453
-23692792.679
18057140.769
6020980.40855
-10716055.2534
78675077.4675
38762099.935
36357927.4461
5106666.95637
25688150.1284
-110957923.911
-100778848.891
-36899610.7782
-82987037.087
1334851.41432
3141890.10969
23875445.3033
54815522.9737
39632632.6738
591191.737488
21325286.2575
41283859.7309
28354244.2566
18791735.7238
54648895.8957
5229522.02302
3967361.22601
-11934.6571843
20442794.434
-16923306.3973
33423993.638
-7293436.9898
4589657.50762
60677646.5233
1352943.55638
21909112.8252
-4959199.27064
17044175.7164
935078.678207
-16265713.8302
-56883361.6255
-45901673.2535
-31449781.1491
-8326751.64633
29290612.647
54325258.1676
48273449.7062
5615841.2014
16009000.8254
54885064.7776
50817874.6164
15456592.5088
-8664736.07471
40971630.3957
26082484.6165
26990568.5771
11231765.9427
4123978.08286
26922472.4579
-14257557.1948
6799746.24862
15774289.3508
2942208.97123
11577372.6523
32388414.022
18681166.7981
8868283.32654
20550403.8949
12188858.9429
21704681.5886
182237.477473
2912161.37255
14855195.9104
-5713250.53265
6178257.63413
-14894251.2286
-5712394.92152
-24006177.7149
39232043.9035
-38505353.5007
12172280.1725
347669.996383
-4623790.96511
-9065326.10376
6716143.88922
19857621.8882
-28809419.4636
-767059.646723
376411.013951
11866627.0545
3249873.32876
972158.889886
28219890.3042
-54147613.1105
50141728.8339
-230910241.476
-207721265.618
-173380800.253
-97341787.2217
-22410347.8283
-95760383.5609
-88825717.5317
-72802329.0748
-123665728.154
-30239501.7549
-34713340.3137
11899173.3831
66209227.7085
47291246.95
21600468.139
-25243422.8571
3042466.36253
-43338986.4031
-35934790.4745
-11437526.2821
15765524.3903
-16729465.4959
-38643379.8173
44616287.2283
7121710.11532
-20697386.7515
19069181.4492
-32644574.2724
32429504.5021
-22584409.0512
15294421.9055
4203559.44926
-25486145.7673
69259367.2769
-7449244.1922
-20148305.3425
9855883.68293
1355880.11398
-35527612.3656
43720925.6026
27280776.6522
-100026512.398
-86311567.8217
40847494.2537
126302679.08
51766124.2983
15269453.3275
-28145164.0764
2759905.07697
-1719212.36613
29071648.2656
42784301.1899
97304571.0392
-22659909.5199
10775273.8687
-13536175.4153
15356867.7703
-5796507.03901
50145225.5186
28220946.1098
17997516.2643
5498277.86608
31765808.3394
-3153986.76591
19530223.967
44995720.4601
-24382403.1131
-9801660.69913
26178236.9653
20585754.4479
22109490.0527
22442646.9688
-4602675.79506
49853911.466
16498242.1807
5759715.79249
27359223.0543
25696937.2782
-24752731.757
45643208.844
40710957.8918
10578912.1782
-8540644.09732
46838141.1957
106669702.805
458365.085467
1086631.41793
-8684734.29364
28132747.3722
-22286515.0035
-16271492.3457
4040537.94096
17904021.1405
22910700.6576
20234950.7948
12212221.3265
-17851111.8621
12478728.8305
-11107244.0137
-92820212.0718
-38491462.9065
-53629174.6708
44805077.7672
9272419.81869
11351849.6518
34642531.4865
21938365.1067
-8118539.33219
-1185019.01604
22052612.373
28914689.0674
12359763.1448
-40161364.935
29305089.8611
90272644.7364
-14060172.5905
17063650.4436
-8011164.63959
11074761.7525
19021816.6764
-11832.668868
16169535.0326
30925646.3595
-14412574.788
54120360.8374
-6499684.23282
38201704.19
-9702779.82185
-4214403.4143
-86537834.9411
-69855954.0461
27290629.6436
20950313.9537
4315732.91658
7146521.4519
21432329.8006
-16330405.4466
-21751948.2609
-83916650.727
8795061.94579
-2250746.13259
4938348.60909
27560864.5222
-6752667.01684
4915374.55703
40661549.5852
-12407016.2611
1272851.74573
1106613.56422
29671208.999
-17536428.4876
79126231.2044
-35905156.7196
-31967822.4437
-71835295.5041
10321634.0375
25623675.9724
-13701363.0458
32743538.9159
-4634187.63904
-310019513.203
-213740552.145
-116465335.518
-260957615.598
-156777362.936
-155507488.719
-20456055.0203
-137685528.969
22104450.7441
-19434199.9295
13658557.5204
-54309689.8942
20489093.039
1104043.61711
-3645147.16427
-17961027.4358
-22994626.5549
-48221120.3032
-10422026.4469
69834302.7619
45382464.5672
-4032952.63489
6440528.52816
-16406518.5661
-21330154.1837
109475677.736
-5011569.13456
2159405.77608
45614773.1203
35445323.4764
-11214457.6368
30697995.2377
17437622.8506
154523376.363
54677745.6204
-32445327.0463
-14539532.6102
296779.525684
2924019.9907
61577364.2344
48770987.7199
-10987834.9133
-98917219.5314
7411215.19801
-65060394.9485
-43683791.318
-72344462.0967
-14624263.8711
4355556.86341
5206058.27605
-41129240.9785
22879627.8934
-35546095.72
11019431.6524
92334851.3327
3941384.80238
38465506.396
-31070243.9088
15565028.8643
-18035123.3987
41814255.2645
-20204817.1536
1906308.31983
-3945516.83642
617709.84733
13643897.2677
17288766.4097
-3184101.08548
-8814595.30408
-27652862.6587
-690298.584941
48459753.7851
53119511.4554
31514066.0128
9695366.61459
-10987248.8509
47259262.6583
28847330.9828
-61265346.4197
-97723999.8533
-59546179.8968
-24816806.9183
58972893.6046
17240525.1189
7246712.3998
46000219.4875
17789484.2478
66357564.9001
36907042.5349
39423428.2495
14774964.0558
-19869845.8764
28496596.9734
46910298.2941
38277094.2583
26522813.3554
9181419.14665
24778346.7058
17933776.9197
8875345.45215
13566724.9831
24353648.4237
10972612.1327
13298128.6159
33709627.8603
20878275.8382
5147834.8646
37892280.0124
14802730.331
-7473605.24022
-77511132.6942
13209340.658
50483824.3601
10841222.1567
33728251.9671
51177932.9596
-8536352.68895
15441685.3469
501580.529669
1192195.67622
56814163.3464
50844261.9063
7486519.02045
94570505.064
7387609.86343
-1844460.72788
39544776.6254
-2014728.36111
50938671.8267
18531801.8279
21480021.7334
44166190.3813
-4389612.60097
-46945864.2445
24600698.3269
-2648793.83783
15048834.8361
3785500.96047
25283108.5408
13149469.8927
20232645.4349
56793680.297
-7423382.72499
9913169.64487
21190452.2918
-20977173.4359
-18144218.9828
-5635987.85864
-26820935.2883
-23882128.0975
4765841.99198
6327479.37563
-19365008.8427
-18930710.7487
53474115.7908
7121298.83312
6409607.29281
42529873.6188
8491923.06658
-5199801.92961
-1631805.06235
-17823786.1485
-34677687.3609
-27566893.0573
10522899.5595
-29327420.8958
-63810668.0709
41124982.1675
-39528473.8369
-16032180.8872
-11652612.9206
-29750689.2535
-35296964.9512
100369388.786
-264931209.898
-187448974.027
-116687574.004
-131816612.224
-171868555.42
-68224087.844
-140662069.475
39890823.09
-6021883.20656
-19099523.6354
23600823.1527
-21131918.1436
-26222291.562
-11920300.4666
40629521.3702
-22999492.0556
-42059547.2985
-32280922.6368
23471680.736
92251275.0819
8849078.48527
35523609.9593
6112568.30394
-22311864.8269
-60342763.6971
-27188424.6657
21625184.6344
7283441.45316
-18264228.1275
-5390580.09263
28853916.4192
-36908748.8423
-5015593.82142
-2782712.65713
38940586.6558
4897668.07103
-53868132.1859
-18347593.0504
19303235.5827
71405700.2951
35587844.664
22032291.8026
2214520.51406
-81704099.2844
32315353.9428
-16002674.5526
50122662.9356
-22435196.1772
-63769693.4285
1894109.40145
12422754.065
78698807.0937
58742707.7612
41105036.447
19242124.0378
89442649.4817
-4874571.57638
47759217.6147
53070896.1348
19328509.0344
6473964.82636
77978608.1136
53744890.8995
109139818.609
-76779668.7195
-101892540.273
68051693.1884
-23175118.9649
-30938019.0511
9267224.91134
11995797.1653
25584258.2599
4754176.89489
41530042.1098
44716028.5496
19421968.9641
31474544.1552
79016816.1042
-3290267.89232
-5892819.3163
30634607.7174
-15952375.9233
-37175609.6315
-55996260.4464
21944025.3799
-83893240.0837
-9818523.30938
34690380.7897
26327301.6028
13984611.2078
-379512.046199
-25606448.9591
75341991.0027
20228991.831
44739470.2449
-12070856.596
53670203.7243
10359442.9758
24444838.1816
-62252527.6876
-27149335.5684
17344481.4865
10337747.0338
-9032113.96837
9072261.96268
24731685.5013
10793060.3061
23608502.1967
13656984.0654
9655824.44394
-4988387.07246
-1685595.33478
-12815316.8107
40913291.1795
19242624.2521
4856404.71676
22073577.0883
67791438.6487
-46241191.6615
-13270902.5418
16682089.3505
-10907987.7321
-7223941.08389
2683138.59073
-21771518.4436
14389249.4006
2957050.79127
-3505727.57687
3788144.14266
-55594385.4895
-28232938.0821
-77926992.382
43594197.9913
-31054110.6556
10866715.4446
16734610.7376
17533944.9778
64726181.9976
-259223044.504
-103611503.179
-128961454.283
-95942426.6815
2446490.34997
-84893141.093
-47937390.1836
-22917938.2068
65044574.9753
13928223.426
-5466923.72205
-15097058.9007
-2547763.74297
-16195314.6687
-4360119.61997
46864014.9076
-24799761.1199
59247200.1932
23424991.1125
-15220232.0169
13892487.6437
81807101.5298
22168002.3852
14191289.3861
92782479.4852
-42299673.2543
-2352944.03335
-4194987.07864
9994673.47313
-16825562.5289
-13084532.3541
-38860405.5738
-24967797.9456
-21737091.3155
13902558.2536
-23189698.7205
-5139413.6197
32902019.9843
-3644121.16165
-2999331.61238
19519560.04
52632482.4024
99058055.8534
-34615889.1829
22887279.4959
22737710.6534
35860310.4035
27912364.5959
29144669.8824
52730125.1164
20642752.874
73417004.7727
5956409.64902
20899785.8729
-6427587.43852
89921459.8651
16875341.3074
-54825478.8745
65710397.8331
30805732.0878
7900487.3765
14509100.2021
19305367.5134
17728549.5835
4557743.13359
55456869.7157
-13387283.7871
15972767.6533
59573613.2924
6587834.64237
48367222.1527
14986984.4866
17649670.1969
11621644.8881
27315714.6745
46098792.7447
15935678.2772
45983394.6139
-8542423.80376
-2474153.03086
46640715.3429
30224363.4685
68433480.4829
32417322.1379
3549588.33805
96659.010717
61505694.8906
17667974.5261
-9269970.58868
18421133.5039
53197840.7544
43096736.7662
19510260.6476
7816276.1681
-12204670.6492
-13965419.2036
-2081063.3943
9148435.39632
13399387.3786
50759051.9214
11591943.1466
-3092831.40535
18763278.8058
49142741.2676
556003.628076
18686830.4869
32864000.1776
-46317528.7976
-29768257.5868
5719136.09932
17687182.8842
-15510524.267
36219360.1001
11342126.6416
35363101.5398
26349535.407
15674330.4112
31467255.7413
1488400.17401
-36380095.6337
-51537754.3432
-37742565.0263
5401310.04093
702353.338671
-4460668.63864
-12850843.6486
22283852.1009
-663563.25402
-12316506.5958
-6439275.99508
8535756.2472
43879629.6672
-6074003.49342
-29272346.0939
-17704752.9417
11498220.0971
-60653202.6883
34789272.8524
-47158845.0199
20698732.5173
-28516935.284
-140233137.825
-76577970.5274
-69881524.5718
35795948.9325
-152362490.686
-54081554.8995
-33295003.4757
-52916255.1227
-66983265.3448
-5582.37075944
5248376.90664
49685014.1864
35286539.0141
-43599.8560601
88894510.8063
49938843.2867
-38988423.2861
20238034.8062
9427788.91793
-20126528.0041
51943432.9825
-14754570.8447
-30803274.6965
3451229.7979
13424031.7204
-37760259.2264
40404726.6875
51004232.087
-11069046.3513
101428788.934
52593507.1006
-39326635.2144
-669290.062681
-37026688.4011
34328842.5999
25538570.8853
-20611189.2143
-9807879.37121
22315289.6349
15580611.0387
69863600.8694
-13995088.9584
142614717.522
-677703.008378
-8523616.75725
-47842092.8305
-25733811.2948
16869336.5861
12334028.8887
42441089.9295
114839716.114
-12819392.5483
-15763062.0406
-8218754.9647
9858882.64177
47847005.3778
-36108224.4617
67430790.3253
88674850.3932
79491314.4792
-6240498.60742
48808400.2353
35303866.4353
-42295602.0246
41421529.7226
11568618.23
-8553780.37695
1985685.01353
16566333.3596
1315333.20036
9810824.82535
-257264.584166
21401958.7649
79654332.4257
39474452.6223
-7441528.92167
39374528.5979
21420109.1593
41310420.9
70983343.4722
40744119.6292
-76843326.1294
72502992.2319
59614298.733
-7999649.36499
24236232.4344
-13239163.4961
48740524.7827
-4528418.01268
-12106299.5442
8409706.97275
4965231.49835
-5519082.802
42192618.7458
-8888794.58684
11955695.6612
45727087.67
35748002.1756
-86850330.3769
-45387209.5643
-13015488.7802
-72743208.8208
4149988.36923
-12523166.1728
1647929.7273
21633756.9456
19426259.3504
12006499.6743
10835713.5399
-12423480.0105
46485138.016
35827164.78
13920896.5913
-8909947.5442
2111571.24737
30297472.4106
5866512.54532
7318039.25053
10959356.8512
-6147466.00127
48687137.5285
28603629.3056
-7704464.30457
-32194393.8919
54727112.8942
-30663646.3242
37780129.8146
27583428.8726
-619909.866366
-3102529.67184
30752103.3358
-9974609.95249
-10441944.2859
-8243958.69273
-5961443.21773
21022107.4543
-46324078.8707
-79966710.1908
-12562526.9429
12200500.0346
13124998.0691
22370295.2194
12057173.7126
35667355.5075
-12298115.8897
28958574.2538
10802980.1268
1712218.77655
-2867101.43825
13812462.3509
4678454.25143
-69321434.0021
-4215457.20282
1632545.34102
-45174732.0896
47982327.6241
-27888900.1432
6463208.00198
13381762.9735
43894458.7882
-19730854.3026
-19948793.6401
46626463.8225
-175493483.284
-126082539.699
-35169435.9354
-11873940.4138
-69098567.4112
-174738073.356
43014936.6728
-75597270.2727
-82968531.098
124375279.552
55972253.1682
80196238.2792
-48351623.5827
60135593.1284
41880246.9251
-23423067.6602
33328031.2864
129978795.066
45286603.5589
-52653055.3679
64983187.5906
-22017955.4711
70186124.1334
-61351628.1537
29976087.8026
-9324377.16906
2178936.10463
10994894.1687
24678773.036
-18747020.7185
12307474.9734
70597548.2035
106090147.296
3175306.36974
6203084.92287
-40147847.4728
-9533839.55146
4851060.87595
38722770.5324
-15247081.7233
13671829.3608
-4486535.89946
6871139.46595
38176630.5848
-9810676.34824
8940134.44035
17228924.965
7355100.30729
21960857.7335
27150936.3383
-3813357.64386
-95972721.5883
-60491039.4378
-34607343.2838
-7258653.74436
74746714.8809
-18445429.1403
1555330.60589
12097626.9693
9463292.58434
-811872.154797
24561571.1728
30669969.6021
3805863.35149
22875808.7413
-5961007.82716
23898040.2862
21603358.9743
5421953.01805
7538688.89034
-28297498.8995
-13601709.8759
46236564.2328
20545099.7011
-21711132.3254
28577556.3411
-49018665.6432
-111035228.047
-71104608.4918
48512706.0687
2529772.21696
-6564320.08305
39544066.3489
64067960.5143
8031421.38424
16770018.5477
-13447082.2505
-29661302.8168
47215210.0435
15372401.6875
31280565.7772
46266703.4873
9301167.96739
6749816.40243
-11598232.8763
-1781469.13396
11707964.8216
-1209796.94345
18384418.024
28209153.048
-21338970.3422
14029163.509
-14280778.7531
48050537.6193
24576961.3566
-2049687.75622
-51779859.2167
34255598.1871
5275388.91675
54995372.0193
72521643.3855
16674366.8324
22062867.8386
7124708.67041
13774676.9036
256776.06352
22081975.3268
16426926.8358
27139195.8911
45107732.2405
71691436.9796
11257254.9288
15498640.801
9653994.34076
30642275.5569
32194551.1182
10528737.4871
18292208.394
-384098.031863
-2492206.63846
18116910.84
4488327.10264
-3291015.89987
20691428.818
69059299.7789
19864613.4397
15421210.0276
6686513.32331
-28453052.3079
40561346.1474
7508534.55265
8916832.69092
12791550.8391
-55765558.2653
-33949427.448
-35204339.0982
-18036160.0472
705171.149574
-19027743.6151
9738729.97611
22609917.9477
53644253.1156
15392810.9268
16904574.4902
50270538.6865
10591091.635
27177252.7559
-15392712.9074
9882529.24249
50097042.6079
16939736.519
6742633.82419
-3854545.56746
-660682.641614
-17125684.0065
-18117850.1233
-11929430.6949
63082665.299
46410800.386
10395567.9751
10025687.6181
-1285027.31794
-24207009.4995
-10958420.8103
-44820798.0348
-55709046.8738
-62713741.0639
-150974804.351
82546884.4888
-66511298.7026
-129793609.693
-113107482.092
-35979193.0346
-133439084.207
34129233.5614
-79843762.9197
-44740810.3324
75635131.0141
-21482961.4944
-30758539.4278
-11097705.9721
6010945.04837
-12318877.4777
24981137.1142
-17108232.8012
-25872078.301
-21670043.2829
-19456212.5393
-30199911.4121
-29827502.9695
13389959.4784
28459244.0039
20988776.2465
9329866.29968
22909686.4
36162707.0717
15212091.7068
-14244504.1729
1344860.211
914908.600713
39475232.9548
29060361.1501
290820.921153
-16675784.3818
-5173379.35133
-15231883.4918
52547490.9969
-52193772.7753
-125511831.21
5348382.81024
18224358.4572
17062664.0444
-5771097.3479
2848811.03254
-10509054.6985
18227101.5385
26524291.0718
2825116.92135
-5301395.93137
22406574.3219
47180083.754
9982225.5867
71630271.7547
40051793.9496
20936950.652
8605744.00811
11595919.3953
12849247.3767
21109040.7565
-1379490.91169
12801148.4605
123482.224742
-16794396.7628
35301548.5168
-5663656.38751
-319514.568904
41764097.3339
47819846.307
32207588.5035
-5003184.4193
40145216.5181
-14539217.9067
-29087629.3835
52909253.6787
-69231801.0489
6295719.12143
27368346.7015
-1120537.23398
9161875.47852
48610308.0591
56661136.8123
18346140.7772
-7667081.06674
24159717.9815
18518188.4966
-10509682.3166
12328439.146
1639578.25433
32591256.6104
8989655.75601
-14886666.9688
9803509.10548
24946192.726
-8084433.29599
-13005375.1129
-60382312.9856
7244177.65958
-2638353.0634
-112086264.727
24530286.943
18830200.9072
-6631721.19543
13078098.3427
2464459.37129
62148964.2631
32875319.5324
87889076.7273
-25379763.3239
28507153.8482
2618751.89074
-7798372.82055
19861517.2308
15490178.556
55833729.3334
55451433.1659
33870576.4196
6823035.59951
11786550.1373
10784353.903
6113638.54538
3737454.84842
-13351659.6118
14706213.6987
24187700.6065
12954533.8291
93203535.9936
-21405064.616
15653005.3046
26563472.5496
28294297.9851
9139417.15615
7662861.99124
-836155.567993
12908633.5649
-4520980.83313
13821657.7158
6207220.61532
-13042275.8571
-42799752.5791
-59123401.2184
-35613228.7324
7177203.71121
13271136.3398
11328187.5668
12218471.1962
15372456.2321
5984126.05477
-6478885.03509
4828472.4277
16100487.936
4502758.55216
-3134411.43905
9476255.20587
-9258086.78512
-71399760.7049
92309634.1566
-56560016.1486
-40519463.9283
-9042300.51359
96647344.8893
-11498782.7032
-323924575.312
-132744503.512
-67746636.8785
-90545825.9988
48064729.2843
-19957581.0953
-133821483.734
25141614.1546
-24310261.3882
-31485878.8081
4630394.0147
-22208551.0966
-25537739.8789
76469005.9973
-8784966.1809
29990379.603
128059017.256
-4499788.97323
27643182.5553
-26185757.0961
9706248.2777
38974342.7306
-9765532.54858
-458066.428492
-11304762.2245
-2360682.21973
26060682.2449
11722007.2495
24552192.0925
-7542879.10016
-23813457.5522
12707342.452
22403046.7325
-22458719.3966
-59000101.0185
-116044438.57
-66533781.0349
-64030389.208
132290642.6
-106396197.892
43927500.3439
47046416.4043
-38286857.1714
-23034798.6813
-15188264.5774
-719415.074946
-13774625.9563
20611342.9691
9706570.55954
33179201.6336
3178223.61389
-9198416.59554
-5351045.62737
-14928003.0823
-3920626.56778
-15519368.3906
-3023775.89403
-27726188.765
-13613752.6216
44981167.8066
5118361.5954
13302000.6024
-11722776.3813
13711273.0306
26517248.6371
33046276.9306
110247.342399
44636583.4486
174591.502567
5466256.40323
15325756.8624
27469999.9427
-1438776.62549
47565677.1768
-29683304.4796
58658361.3036
-9885727.37801
59396317.673
-35831537.7055
19458725.0758
13088457.704
-11249227.2494
22713734.6836
31314937.168
-32857311.0726
-20704557.3693
32914654.9137
-20177027.2097
52620021.8772
11475350.6554
17160622.3002
33226116.854
15856791.9314
37636735.6014
6292896.03499
23052677.9073
-21078720.4272
50185771.1186
34569302.7945
39424306.1587
30762184.3099
-13172240.249
-46763.6152926
-1463419.70815
15797802.8934
3981039.95212
40094232.5153
26566865.7597
20286205.2585
370750.398809
9621507.6299
214841.357741
21973178.325
10781242.3288
-3144169.96113
5195335.18601
36363071.3352
8816469.14687
20188458.347
-3895060.51289
47465531.2543
-43701178.7599
-22670182.2805
12060010.3841
28265913.6601
18579859.6601
51627330.9662
-61382058.6251
-517586.495447
20992897.5185
-7689457.7677
17008467.1808
-6092095.36091
7842081.55098
-7995617.14386
7017387.03089
-5315374.16157
37988524.5077
17953185.963
-50711943.5899
-21843420.4917
23838637.891
18885849.6084
-14655613.8547
5369447.09474
-7563998.08197
-23022898.1451
55537644.1968
17730720.5456
29640865.1999
26673771.9206
28429696.2061
-31115478.6839
-28137467.9763
-7944295.05282
-5864392.59792
-54999870.6065
-9103969.9313
-16085275.7303
26304210.0807
-30977519.7487
29833754.8386
8619353.46602
18124059.3329
-18746180.5158
8976912.65877
-491464042.777
-132998645.952
47403834.4911
-197750836.895
-72914180.5347
-75426744.933
-214600429.74
-78171643.6629
-87162199.5812
-13919294.422
-56445774.1418
7598645.95928
7047575.84694
-21106452.4683
-14623016.0613
21164767.8452
-13762342.6464
78451597.3186
-22387318.4442
-28806069.5365
15024461.5088
54798906.0011
8408251.93995
-30333616.7496
-23712711.0376
88402992.2347
42768898.8633
-8604374.77874
18133841.7036
35328417.8425
41376560.8004
-37315471.4122
19287292.2944
31501592.9297
29387492.4606
-20613355.2882
1125115.47857
8092498.49666
74536166.0536
-93522247.2139
-68900909.5329
47806488.6627
-87881945.6455
-8403271.25281
-19172034.8554
-21161341.8922
6546394.84909
-16198884.4054
28529561.1819
-22515963.2597
57641256.5717
5151102.58958
-14480131.1402
1155549.92224
48378827.3008
-13661989.3864
32687527.1758
52677576.3857
4336510.5969
-4071607.3665
353311.86494
43594555.5001
26765684.9518
5213898.13578
88625092.9158
19662676.5701
15677546.136
2822861.83485
77508883.5671
68355948.2186
74824085.5206
-28100679.7808
-29584877.2887
23941584.7493
9889878.71943
44345915.2583
78214852.8732
14484669.6847
1206436.75795
-1150346.76567
5690292.90894
42506100.8334
20069887.7718
54734731.6893
2493839.45146
30848276.7839
8098920.92979
1072192.69043
26921473.5197
1672009.37173
-10206160.9186
-8346220.002
-1964108.52147
15504358.4387
14802789.0801
20480854.2238
28825858.9296
13527999.0548
25713365.1655
42899985.4207
21628071.3201
-13644225.859
-6292186.33173
22238026.7269
44494911.6585
34226924.9991
43507798.6391
-62572227.9681
-5650313.17303
-36832068.2113
75071778.6675
16378669.7266
44934318.2483
37852728.5465
-6399099.65585
13129026.7546
-8650768.68824
631909.944904
28294338.7727
-1555886.20459
28235407.4891
29241202.475
11258128.6891
-2236127.80696
12498775.9035
7376141.39723
13983174.8436
17339765.7779
17550579.7131
-6034451.19265
75550536.4118
-7233991.92267
6773484.44305
22695703.6173
40026336.4372
7117074.55451
6019447.18022
4941006.86572
21293826.7934
-18097409.6547
31169190.8701
19216850.6946
-6371553.19656
6721009.04169
-42022854.0064
-34293096.9868
-27710220.1902
-37811143.6012
15866154.3836
25759807.7018
12080274.0971
9367543.63681
15527061.1645
35705949.0636
18665926.1692
-2713231.65443
29961697.6421
29415417.6161
2979594.62234
42156993.5839
-35712557.103
-36291879.0225
22376721.7683
-551134.303045
-47488654.1266
-15966173.6994
-7980544.9313
-49686501.5397
16336242.8619
-29538466.8341
57977839.9662
-20398248.4245
-116331641.956
-135940641.008
-83063198.8653
-130696893.926
-33035852.561
-60193584.3024
10796129.2375
-43941769.99
61710471.8935
-85617581.9544
-4340359.73748
-125974391.187
-36271187.0358
115333081.196
-29945848.5627
-19000303.7665
61933752.8816
-7610539.68834
-20911109.0886
23013262.9762
-28605949.7163
-49965263.2409
-20143151.6904
52963132.5881
-46049490.9445
4362810.47187
-6944308.05607
37568614.4115
21788639.6634
-15834751.6478
2045184.65083
37042095.5158
-24621413.2745
12126748.3179
42689300.6294
28069879.389
93759641.6514
-31995134.5762
9382864.91478
-35734053.6368
-10419966.6263
21568897.7639
-12906981.0459
641524.40495
-8790950.29172
-33931544.7852
50358825.0038
46759008.7774
-16002307.4701
-36426137.6691
-21047056.911
16804410.2066
-135088966.69
39952756.4879
11255615.3782
17210937.9909
41652377.8972
6356726.61595
59418586.7913
50539960.8973
106244426.046
28070618.3367
-1989052.16934
-5286587.85442
54954584.94
-1116349.90703
-5401711.35069
-3223865.22513
18672988.0372
2068716.13338
35904982.3645
12332318.2656
7006809.69996
-9453066.89869
24209162.0306
-8249852.78471
18811851.4428
5379257.18008
16551420.7712
-19902379.8376
10261252.246
19437377.6369
57497245.5304
-46532068.9441
36723442.0955
20035117.8782
43157341.8823
34447917.92
-4767493.79759
47249221.0644
443515.758236
19569434.3924
31534838.8426
-40120909.0943
-93230605.4738
5566286.81297
-6650444.6819
11344830.1102
1257507.87838
-14582464.1398
12938285.8582
7877264.2924
24219879.2408
14320241.5953
40446652.0957
-22811473.0622
-13197123.85
6063029.63126
29855877.6086
86346452.7782
76443223.6554
-33395524.838
-34989537.0147
9168306.96026
-6550489.50048
-38257631.8961
45994286.586
-16943171.8491
1754071.89248
9500700.52777
10248862.1431
4739943.67156
34888461.9589
-2708594.89472
-283750.418496
-3743077.30085
17813819.9338
37497806.9286
-22901630.7451
-49707044.2709
-43420723.7094
129856081.45
-28752221.5485
30408470.9831
-44167263.1954
10462202.9117
-14624733.9626
16380850.3662
25353957.9293
19251065.4637
9213410.60553
10662256.962
16929830.2123
-4616842.0984
-33322719.5057
62713061.0055
57394604.9169
31926336.087
3543516.97037
-137831433.913
-88772992.3287
-111783484.822
-129294976.441
69317008.8371
-76085206.2982
-37234188.9332
78082324.0317
-36996719.7691
38296528.2882
-81045068.8898
18796929.1619
-104867289.948
-92946000.4984
68733114.9651
-1235759.9553
-21088362.5722
-5751712.48142
-24802832.56
-14782151.0127
-5853242.22369
4366693.48025
-42780368.4459
48738803.3979
-10467750.1934
-2878035.21704
405561.772212
-709513.357738
-32974221.4002
40853395.4547
471944.120932
3038732.2087
-29845333.9729
-33399079.8018
10459842.0238
-27678724.4797
-8425418.80104
20789455.3524
-633384.983854
15527167.6566
20666819.0467
21483084.1841
6522036.22999
12706057.4627
-10884742.7417
-14727290.9233
-3073431.76899
814321.454004
33914333.6504
61337897.9651
21319344.0263
-29659423.4234
-6534199.36082
-34440670.1388
-14913876.4194
11427246.1903
21234289.4375
52409610.5833
18753557.635
61049781.7222
7778076.41974
11050557.6952
-41729975.7045
31826162.7635
1521087.19968
14616700.1969
-25112420.4948
58518797.143
-115623.200243
34597458.083
-26143240.1885
-2006659.64654
33315381.8433
11915157.8186
30954706.6534
15247338.9607
106080640.007
5404266.84973
52347516.1547
53262718.6624
10276587.0561
15495788.1689
-4537492.01459
25550663.8728
-18893966.816
19167852.8891
-19372120.4559
980846.258351
11850457.206
23552370.316
39426444.475
-9138864.44377
9228708.82936
1666478.16067
16103258.5985
55712867.88
19437749.0375
40085461.129
6749383.97493
24934904.9065
19831243.0271
8267410.84278
29146073.1112
59507497.5844
-61718345.9512
66291503.8739
-21219248.4218
45125930.8401
12934850.1564
21549273.1813
-2868414.85328
4667511.49651
-15170689.9997
-9562131.14021
38939235.9026
31795378.4045
-2201315.5833
-1197306.38607
4341946.37688
-60607616.9755
5019742.14289
17883491.9917
-42870155.898
76689803.4522
-1353910.1331
18563291.8751
23466040.7149
16793885.318
18392370.5053
44131587.1232
-5219104.51415
6066193.2336
11002658.0881
-11245123.1492
16513393.5639
-16105558.3338
38108247.3945
-14145501.1705
8732420.27234
32509746.276
18541106.646
29171736.0558
1726338.38628
36633867.9706
-8452470.12097
-19438385.3361
34335637.1087
3729333.38517
-22977374.06
-27878046.8487
19049545.8001
41905430.4023
-47957396.9305
26698885.652
85265358.9282
-25207117.0866
-7812155.65308
27560479.9852
81478734.4757
-33435439.5899
-24934919.3596
28489408.2599
-352640587.456
-147697776.693
-284315616.474
-80766889.8972
-42526772.6169
-94903734.6382
23872916.8916
-13627333.4074
-136743697.659
313277.314922
-102537173.971
-11123448.1874
-99343830.139
60698743.8034
-14513754.2612
924926.420093
-22477913.3498
26833476.6375
47882167.359
7777546.39483
30221035.487
41477849.8639
438321.883223
-30133528.0393
-9335095.43777
-43068831.7104
13970150.058
-18894671.279
17948241.8446
-22625933.8631
24726845.0535
-10711985.3846
19595809.1621
-2266903.08746
3378760.76678
34810076.5305
-38558912.7085
64895534.9709
34165706.4233
-6821364.15765
60551366.5848
64101694.1049
36780180.7811
28759441.6599
57995269.3785
-34792100.4467
-256865.081954
71637154.3026
-40695977.8292
-45158096.356
-97708375.0866
-63729324.224
-10730702.2252
36847483.6352
9763113.45916
35617233.2737
76321133.3561
13056122.7904
17026925.6602
12151060.011
3076002.57813
22396001.3679
25650800.0889
-7894516.42188
42101524.2955
33261524.3248
-7754087.15373
16626059.2014
-4269557.05603
14446372.8277
-117834831.651
-83534727.762
14913342.2221
-47334416.9978
-77487430.1207
8171433.48661
17420274.7503
29661853.8323
6625106.47905
7121567.91693
-2624469.80069
5335332.46718
-3806048.63462
-16385488.9596
-5408219.62153
24305793.2456
42327166.8956
6724816.40094
66386472.2159
-15907937.1836
22960435.5308
20739844.4316
-11056893.23
-83814946.9681
32437515.1853
17310164.0061
1582496.4272
13049878.3761
11278297.2168
35487690.4275
-9878960.03134
-15517988.315
2732605.63626
22326763.5653
-24661800.3225
3898747.17227
-623352.44379
-23118141.9597
-35408704.6261
77471820.1747
-53922339.2967
-19313271.4237
-4163253.09548
3366470.20474
32839296.7035
12450668.8086
8193597.93264
8917798.30659
-4173101.68645
13299415.2956
-15365262.9076
-42813585.906
10632131.2536
59914750.2202
9400165.72373
21586025.3804
26645458.4832
57446374.6513
5208164.20705
8569103.49665
36437199.1604
6255791.97801
-12433469.0276
-8522272.91457
31928394.0558
97309311.5724
-2165983.02754
197389676.292
-23131847.6272
20667955.2582
-34413546.977
-47765379.9039
-756976.715505
162894760.014
-30252766.8607
11680283.9676
-38421272.505
-235943602.751
-174900560.01
-217399816.169
-224462484.957
-11166823.2138
-167510805.317
-41348853.4078
2471529.78207
16329272.1887
26215702.8218
16297271.124
9446058.03663
-33829608.6326
-2711022.98474
55540553.7678
11115688.9743
105446009.526
49689455.1892
-18989105.3788
-30725687.331
10035272.3621
534608.143318
-25882002.4764
70091672.9161
-28912627.4165
18616229.6927
19623141.7908
71385970.453
-30913327.6605
-15871564.3718
9315812.37811
-26811658.8774
144598004.426
-1920285.53473
-18087640.9414
-1920024.09824
74189957.844
-9877088.85258
-18353594.237
92422695.901
-16968646.594
-56302943.9946
-79373334.4277
-58503347.3102
-5963520.8276
12037860.8263
-215693.696733
40618222.3496
23967166.766
32300152.2612
20730442.5383
-40407811.6202
15985768.2292
-2114257.3094
45846083.9736
23751461.4988
4790276.9055
17717401.4897
28722900.5791
-48613661.0459
33525741.6994
16002937.9233
-16441152.0849
921393.566664
5629232.45735
14889878.7271
46596864.0101
7368381.10228
4613615.06474
-25536.5178899
37733637.5301
2373911.62486
-81634318.6987
-72429183.7373
-13747796.0886
38084545.6923
-91353675.7143
8767648.65018
18144140.3061
19793615.6755
-8512824.19932
22038892.0265
-1732595.69919
43129921.4941
28785647.0048
5856536.45651
32059053.0296
20165708.4646
9676014.78816
31504096.9999
-19159129.2302
26066211.6748
-76703452.2769
45329908.1483
69142832.0729
-35264085.8261
39971264.8801
9829612.86666
-3300040.15696
39983283.3376
31510987.9423
36558071.213
-6498588.09281
-81783595.1806
88036448.7361
-22371335.5021
-34052826.3219
-10071770.2037
4344211.26033
19365341.3857
4951169.15424
42584687.1613
85973709.607
3348724.61479
684719.103347
2538034.5477
38751237.357
-4365031.26257
12823027.6631
-18401844.9079
144205334.956
34048835.7901
-60247781.2402
31352389.7175
34181929.8296
8149947.17927
-4047112.80175
-27111347.2095
-34287184.6176
91162705.6272
-16488907.8857
97035045.5044
-35033119.4015
-19498921.6177
100083218.146
-22794559.6682
42026272.8933
24377177.312
-17659757.2108
110263637.083
-158956182.967
-46284035.1235
-26568161.711
-13097286.3836
42397037.4408
42476715.9522
24892882.6948
-16846001.769
6430340.33819
40144401.8102
-36550801.5392
1576991.00011
9317286.5373
-19612926.4486
10650227.3391
42452599.3749
67312561.5735
33885669.0561
50133439.3313
-82868241.5357
-1813762.88471
18238488.1269
525678.52087
71963370.7295
19226441.2555
53927678.0652
58448793.2685
10777051.5042
2551529.76608
27682247.5479
147732809.072
-33593966.8321
-8240447.88299
-17867247.1936
